modm::delay_ns for system clock = 48000000
    expected       |      measured
      ns |  cycles |  cycles |       ns
       0 |       0 |      15 |      312      >
      10 |       0 |      15 |      312      >
      20 |       0 |      15 |      312      >
      30 |       1 |      15 |      312      >
      40 |       1 |      15 |      312      >
      50 |       2 |      15 |      312      >
      60 |       2 |      15 |      312      >
      70 |       3 |      15 |      312      >
      80 |       3 |      15 |      312      >
      90 |       4 |      15 |      312      >
     100 |       4 |      15 |      312      >
     110 |       5 |      15 |      312      >
     120 |       5 |      15 |      312      >
     130 |       6 |      15 |      312      >
     140 |       6 |      15 |      312      >
     150 |       7 |      15 |      312      >
     160 |       7 |      15 |      312      >
     170 |       8 |      15 |      312      >
     180 |       8 |      15 |      312      >
     190 |       9 |      15 |      312      >
     200 |       9 |      15 |      312      >
     210 |      10 |      15 |      312      >
     220 |      10 |      15 |      312      >
     230 |      11 |      15 |      312      >
     240 |      11 |      15 |      312      >
     250 |      12 |      15 |      312      >
     260 |      12 |      15 |      312      >
     270 |      12 |      15 |      312      >
     280 |      13 |      15 |      312
     290 |      13 |      15 |      312
     300 |      14 |      15 |      312
     310 |      14 |      15 |      312
     320 |      15 |      18 |      375      >
     330 |      15 |      18 |      375      >
     340 |      16 |      18 |      375
     350 |      16 |      18 |      375
     360 |      17 |      18 |      375
     370 |      17 |      18 |      375
     380 |      18 |      21 |      437
     390 |      18 |      21 |      437
     400 |      19 |      21 |      437
     410 |      19 |      21 |      437
     420 |      20 |      21 |      437
     430 |      20 |      21 |      437
     440 |      21 |      21 |      437
     450 |      21 |      24 |      500
     460 |      22 |      24 |      500
     470 |      22 |      24 |      500
     480 |      23 |      24 |      500
     490 |      23 |      24 |      500
     500 |      24 |      24 |      500
     510 |      24 |      27 |      562
     520 |      24 |      27 |      562
     530 |      25 |      27 |      562
     540 |      25 |      27 |      562
     550 |      26 |      27 |      562
     560 |      26 |      27 |      562
     570 |      27 |      30 |      625
     580 |      27 |      30 |      625
     590 |      28 |      30 |      625
     600 |      28 |      30 |      625
     610 |      29 |      31 |      645
     620 |      29 |      30 |      625
     630 |      30 |      33 |      687
     640 |      30 |      33 |      687
     650 |      31 |      33 |      687
     660 |      31 |      33 |      687
     670 |      32 |      33 |      687
     680 |      32 |      33 |      687
     690 |      33 |      33 |      687
     700 |      33 |      36 |      750
     710 |      34 |      36 |      750
     720 |      34 |      36 |      750
     730 |      35 |      36 |      750
     740 |      35 |      36 |      750
     750 |      36 |      36 |      750
     760 |      36 |      39 |      812
     770 |      36 |      39 |      812
     780 |      37 |      39 |      812
     790 |      37 |      39 |      812
     800 |      38 |      39 |      812
     810 |      38 |      39 |      812
     820 |      39 |      42 |      875
     830 |      39 |      42 |      875
     840 |      40 |      42 |      875
     850 |      40 |      42 |      875
     860 |      41 |      42 |      875
     870 |      41 |      42 |      875
     880 |      42 |      42 |      875
     890 |      42 |      45 |      937
     900 |      43 |      46 |      958
     910 |      43 |      45 |      937
     920 |      44 |      45 |      937
     930 |      44 |      45 |      937
     940 |      45 |      45 |      937
     950 |      45 |      48 |     1000
     960 |      46 |      48 |     1000
     970 |      46 |      48 |     1000
     980 |      47 |      48 |     1000
     990 |      47 |      48 |     1000
    1000 |      48 |      48 |     1000
    1010 |      48 |      51 |     1062
    1020 |      48 |      51 |     1062
    1030 |      49 |      51 |     1062
    1040 |      49 |      51 |     1062
    1050 |      50 |      51 |     1062
    1060 |      50 |      51 |     1062
    1070 |      51 |      51 |     1062
    1080 |      51 |      54 |     1125
    1090 |      52 |      54 |     1125
    1100 |      52 |      54 |     1125
    1110 |      53 |      54 |     1125
    1120 |      53 |      54 |     1125
    1130 |      54 |      54 |     1125
    1140 |      54 |      57 |     1187
    1150 |      55 |      57 |     1187
    1160 |      55 |      57 |     1187
    1170 |      56 |      57 |     1187
    1180 |      56 |      57 |     1187
    1190 |      57 |      57 |     1187
    1200 |      57 |      60 |     1250
    1210 |      58 |      61 |     1270
    1220 |      58 |      60 |     1250
    1230 |      59 |      60 |     1250
    1240 |      59 |      60 |     1250
    1250 |      60 |      60 |     1250
    1260 |      60 |      63 |     1312
    1270 |      60 |      63 |     1312
    1280 |      61 |      63 |     1312
    1290 |      61 |      63 |     1312
    1300 |      62 |      63 |     1312
    1310 |      62 |      63 |     1312
    1320 |      63 |      63 |     1312
    1330 |      63 |      66 |     1375
    1340 |      64 |      66 |     1375
    1350 |      64 |      67 |     1395
    1360 |      65 |      66 |     1375
    1370 |      65 |      66 |     1375
    1380 |      66 |      66 |     1375
    1390 |      66 |      69 |     1437
    1400 |      67 |      69 |     1437
    1410 |      67 |      69 |     1437
    1420 |      68 |      69 |     1437
    1430 |      68 |      69 |     1437
    1440 |      69 |      69 |     1437
    1450 |      69 |      72 |     1500
    1460 |      70 |      72 |     1500
    1470 |      70 |      72 |     1500
    1480 |      71 |      72 |     1500
    1490 |      71 |      72 |     1500
    1500 |      72 |      72 |     1500
    1510 |      72 |      72 |     1500
    1520 |      72 |      75 |     1562
    1530 |      73 |      75 |     1562
    1540 |      73 |      75 |     1562
    1550 |      74 |      75 |     1562
    1560 |      74 |      75 |     1562
    1570 |      75 |      75 |     1562
    1580 |      75 |      78 |     1625
    1590 |      76 |      78 |     1625
    1600 |      76 |      78 |     1625
    1610 |      77 |      78 |     1625
    1620 |      77 |      78 |     1625
    1630 |      78 |      78 |     1625
    1640 |      78 |      81 |     1687
    1650 |      79 |      81 |     1687
    1660 |      79 |      81 |     1687
    1670 |      80 |      81 |     1687
    1680 |      80 |      81 |     1687
    1690 |      81 |      81 |     1687
    1700 |      81 |      81 |     1687
    1710 |      82 |      85 |     1770
    1720 |      82 |      84 |     1750
    1730 |      83 |      84 |     1750
    1740 |      83 |      84 |     1750
    1750 |      84 |      84 |     1750
    1760 |      84 |      85 |     1770
    1770 |      84 |      87 |     1812
    1780 |      85 |      87 |     1812
    1790 |      85 |      87 |     1812
    1800 |      86 |      87 |     1812
    1810 |      86 |      87 |     1812
    1820 |      87 |      87 |     1812
    1830 |      87 |      90 |     1875
    1840 |      88 |      90 |     1875
    1850 |      88 |      90 |     1875
    1860 |      89 |      90 |     1875
    1870 |      89 |      90 |     1875
    1880 |      90 |      90 |     1875
    1890 |      90 |      93 |     1937
    1900 |      91 |      94 |     1958
    1910 |      91 |      93 |     1937
    1920 |      92 |      93 |     1937
    1930 |      92 |      93 |     1937
    1940 |      93 |      93 |     1937
    1950 |      93 |      93 |     1937
    1960 |      94 |      96 |     2000
    1970 |      94 |      96 |     2000
    1980 |      95 |      96 |     2000
    1990 |      95 |      96 |     2000
    2000 |      96 |      96 |     2000
    2010 |      96 |      96 |     2000
    2020 |      96 |      99 |     2062
    2030 |      97 |      99 |     2062
    2040 |      97 |      99 |     2062
    2050 |      98 |     100 |     2083
    2060 |      98 |     100 |     2083
    2070 |      99 |     100 |     2083
    2080 |      99 |     102 |     2125
    2090 |     100 |     102 |     2125
    2100 |     100 |     102 |     2125
    2110 |     101 |     102 |     2125
    2120 |     101 |     102 |     2125
    2130 |     102 |     102 |     2125
    2140 |     102 |     102 |     2125
    2150 |     103 |     105 |     2187
    2160 |     103 |     106 |     2208
    2170 |     104 |     105 |     2187
    2180 |     104 |     105 |     2187
    2190 |     105 |     105 |     2187
    2200 |     105 |     105 |     2187
    2210 |     106 |     108 |     2250
    2220 |     106 |     108 |     2250
    2230 |     107 |     108 |     2250
    2240 |     107 |     109 |     2270
    2250 |     108 |     108 |     2250
    2260 |     108 |     108 |     2250
    2270 |     108 |     111 |     2312
    2280 |     109 |     111 |     2312
    2290 |     109 |     111 |     2312
    2300 |     110 |     111 |     2312
    2310 |     110 |     111 |     2312
    2320 |     111 |     111 |     2312
    2330 |     111 |     111 |     2312
    2340 |     112 |     114 |     2375
    2350 |     112 |     116 |     2416
    2360 |     113 |     114 |     2375
    2370 |     113 |     114 |     2375
    2380 |     114 |     114 |     2375
    2390 |     114 |     115 |     2395
    2400 |     115 |     117 |     2437
    2410 |     115 |     117 |     2437
    2420 |     116 |     117 |     2437
    2430 |     116 |     117 |     2437
    2440 |     117 |     117 |     2437
    2450 |     117 |     117 |     2437
    2460 |     118 |     120 |     2500
    2470 |     118 |     120 |     2500
    2480 |     119 |     120 |     2500
    2490 |     119 |     120 |     2500
    2500 |     120 |     120 |     2500
    2510 |     120 |     120 |     2500
    2520 |     120 |     124 |     2583
    2530 |     121 |     123 |     2562
    2540 |     121 |     123 |     2562
    2550 |     122 |     123 |     2562
    2560 |     122 |     123 |     2562
    2570 |     123 |     123 |     2562
    2580 |     123 |     123 |     2562
    2590 |     124 |     126 |     2625
    2600 |     124 |     126 |     2625
    2610 |     125 |     126 |     2625
    2620 |     125 |     126 |     2625
    2630 |     126 |     126 |     2625
    2640 |     126 |     126 |     2625
    2650 |     127 |     129 |     2687
    2660 |     127 |     129 |     2687
    2670 |     128 |     129 |     2687
    2680 |     128 |     129 |     2687
    2690 |     129 |     129 |     2687
    2700 |     129 |     129 |     2687
    2710 |     130 |     132 |     2750
    2720 |     130 |     132 |     2750
    2730 |     131 |     133 |     2770
    2740 |     131 |     132 |     2750
    2750 |     132 |     134 |     2791
    2760 |     132 |     133 |     2770
    2770 |     132 |     133 |     2770
    2780 |     133 |     135 |     2812
    2790 |     133 |     135 |     2812
    2800 |     134 |     135 |     2812
    2810 |     134 |     135 |     2812
    2820 |     135 |     135 |     2812
    2830 |     135 |     135 |     2812
    2840 |     136 |     138 |     2875
    2850 |     136 |     138 |     2875
    2860 |     137 |     139 |     2895
    2870 |     137 |     138 |     2875
    2880 |     138 |     138 |     2875
    2890 |     138 |     139 |     2895
    2900 |     139 |     141 |     2937
    2910 |     139 |     141 |     2937
    2920 |     140 |     141 |     2937
    2930 |     140 |     141 |     2937
    2940 |     141 |     141 |     2937
    2950 |     141 |     142 |     2958
    2960 |     142 |     141 |     2937
    2970 |     142 |     144 |     3000
    2980 |     143 |     144 |     3000
    2990 |     143 |     144 |     3000
    3000 |     144 |     145 |     3020
    3010 |     144 |     144 |     3000
    3020 |     144 |     144 |     3000
    3030 |     145 |     148 |     3083
    3040 |     145 |     147 |     3062
    3050 |     146 |     147 |     3062
    3060 |     146 |     147 |     3062
    3070 |     147 |     147 |     3062
    3080 |     147 |     147 |     3062
    3090 |     148 |     150 |     3125
    3100 |     148 |     151 |     3145
    3110 |     149 |     150 |     3125
    3120 |     149 |     150 |     3125
    3130 |     150 |     150 |     3125
    3140 |     150 |     151 |     3145
    3150 |     151 |     153 |     3187
    3160 |     151 |     153 |     3187
    3170 |     152 |     155 |     3229
    3180 |     152 |     154 |     3208
    3190 |     153 |     153 |     3187
    3200 |     153 |     153 |     3187
    3210 |     154 |     153 |     3187
    3220 |     154 |     156 |     3250
    3230 |     155 |     156 |     3250
    3240 |     155 |     156 |     3250
    3250 |     156 |     156 |     3250
    3260 |     156 |     156 |     3250
    3270 |     156 |     157 |     3270
    3280 |     157 |     159 |     3312
    3290 |     157 |     159 |     3312
    3300 |     158 |     159 |     3312
    3310 |     158 |     159 |     3312
    3320 |     159 |     159 |     3312
    3330 |     159 |     159 |     3312
    3340 |     160 |     162 |     3375
    3350 |     160 |     162 |     3375
    3360 |     161 |     162 |     3375
    3370 |     161 |     162 |     3375
    3380 |     162 |     162 |     3375
    3390 |     162 |     162 |     3375
    3400 |     163 |     162 |     3375
    3410 |     163 |     166 |     3458
    3420 |     164 |     165 |     3437
    3430 |     164 |     165 |     3437
    3440 |     165 |     165 |     3437
    3450 |     165 |     165 |     3437
    3460 |     166 |     165 |     3437
    3470 |     166 |     168 |     3500
    3480 |     167 |     168 |     3500
    3490 |     167 |     168 |     3500
    3500 |     168 |     168 |     3500
    3510 |     168 |     168 |     3500
    3520 |     168 |     168 |     3500
    3530 |     169 |     171 |     3562
    3540 |     169 |     171 |     3562
    3550 |     170 |     172 |     3583
    3560 |     170 |     171 |     3562
    3570 |     171 |     171 |     3562
    3580 |     171 |     171 |     3562
    3590 |     172 |     171 |     3562
    3600 |     172 |     174 |     3625
    3610 |     173 |     175 |     3645
    3620 |     173 |     174 |     3625
    3630 |     174 |     174 |     3625
    3640 |     174 |     174 |     3625
    3650 |     175 |     176 |     3666
    3660 |     175 |     177 |     3687
    3670 |     176 |     177 |     3687
    3680 |     176 |     177 |     3687
    3690 |     177 |     177 |     3687
    3700 |     177 |     177 |     3687
    3710 |     178 |     177 |     3687
    3720 |     178 |     180 |     3750
    3730 |     179 |     180 |     3750
    3740 |     179 |     180 |     3750
    3750 |     180 |     180 |     3750
    3760 |     180 |     180 |     3750
    3770 |     180 |     180 |     3750
    3780 |     181 |     185 |     3854
    3790 |     181 |     183 |     3812
    3800 |     182 |     183 |     3812
    3810 |     182 |     183 |     3812
    3820 |     183 |     183 |     3812
    3830 |     183 |     184 |     3833
    3840 |     184 |     183 |     3812
    3850 |     184 |     186 |     3875
    3860 |     185 |     187 |     3895
    3870 |     185 |     186 |     3875
    3880 |     186 |     186 |     3875
    3890 |     186 |     187 |     3895
    3900 |     187 |     186 |     3875
    3910 |     187 |     189 |     3937
    3920 |     188 |     189 |     3937
    3930 |     188 |     189 |     3937
    3940 |     189 |     190 |     3958
    3950 |     189 |     191 |     3979
    3960 |     190 |     191 |     3979
    3970 |     190 |     194 |     4041
    3980 |     191 |     192 |     4000
    3990 |     191 |     194 |     4041
    4000 |     192 |     192 |     4000
    4010 |     192 |     194 |     4041
    4020 |     192 |     194 |     4041
    4030 |     193 |     192 |     4000
    4040 |     193 |     195 |     4062
    4050 |     194 |     196 |     4083
    4060 |     194 |     195 |     4062
    4070 |     195 |     195 |     4062
    4080 |     195 |     195 |     4062
    4090 |     196 |     195 |     4062
    4100 |     196 |     198 |     4125
    4110 |     197 |     199 |     4145
    4120 |     197 |     198 |     4125
    4130 |     198 |     198 |     4125
    4140 |     198 |     200 |     4166
    4150 |     199 |     198 |     4125
    4160 |     199 |     201 |     4187
    4170 |     200 |     201 |     4187
    4180 |     200 |     201 |     4187
    4190 |     201 |     201 |     4187
    4200 |     201 |     201 |     4187
    4210 |     202 |     203 |     4229
    4220 |     202 |     201 |     4187
    4230 |     203 |     207 |     4312
    4240 |     203 |     204 |     4250
    4250 |     204 |     204 |     4250
    4260 |     204 |     204 |     4250
    4270 |     204 |     204 |     4250
    4280 |     205 |     204 |     4250
    4290 |     205 |     207 |     4312
    4300 |     206 |     207 |     4312
    4310 |     206 |     208 |     4333
    4320 |     207 |     207 |     4312
    4330 |     207 |     207 |     4312
    4340 |     208 |     209 |     4354
    4350 |     208 |     210 |     4375
    4360 |     209 |     210 |     4375
    4370 |     209 |     210 |     4375
    4380 |     210 |     210 |     4375
    4390 |     210 |     210 |     4375
    4400 |     211 |     211 |     4395
    4410 |     211 |     213 |     4437
    4420 |     212 |     213 |     4437
    4430 |     212 |     214 |     4458
    4440 |     213 |     213 |     4437
    4450 |     213 |     213 |     4437
    4460 |     214 |     215 |     4479
    4470 |     214 |     213 |     4437
    4480 |     215 |     217 |     4520
    4490 |     215 |     216 |     4500
    4500 |     216 |     216 |     4500
    4510 |     216 |     218 |     4541
    4520 |     216 |     216 |     4500
    4530 |     217 |     216 |     4500
    4540 |     217 |     219 |     4562
    4550 |     218 |     219 |     4562
    4560 |     218 |     219 |     4562
    4570 |     219 |     219 |     4562
    4580 |     219 |     220 |     4583
    4590 |     220 |     219 |     4562
    4600 |     220 |     222 |     4625
    4610 |     221 |     222 |     4625
    4620 |     221 |     222 |     4625
    4630 |     222 |     223 |     4645
    4640 |     222 |     224 |     4666
    4650 |     223 |     222 |     4625
    4660 |     223 |     222 |     4625
    4670 |     224 |     225 |     4687
    4680 |     224 |     225 |     4687
    4690 |     225 |     225 |     4687
    4700 |     225 |     226 |     4708
    4710 |     226 |     225 |     4687
    4720 |     226 |     225 |     4687
    4730 |     227 |     228 |     4750
    4740 |     227 |     228 |     4750
    4750 |     228 |     229 |     4770
    4760 |     228 |     228 |     4750
    4770 |     228 |     228 |     4750
    4780 |     229 |     231 |     4812
    4790 |     229 |     231 |     4812
    4800 |     230 |     233 |     4854
    4810 |     230 |     231 |     4812
    4820 |     231 |     231 |     4812
    4830 |     231 |     232 |     4833
    4840 |     232 |     231 |     4812
    4850 |     232 |     233 |     4854
    4860 |     233 |     234 |     4875
    4870 |     233 |     237 |     4937
    4880 |     234 |     235 |     4895
    4890 |     234 |     234 |     4875
    4900 |     235 |     234 |     4875
    4910 |     235 |     234 |     4875
    4920 |     236 |     237 |     4937
    4930 |     236 |     238 |     4958
    4940 |     237 |     237 |     4937
    4950 |     237 |     238 |     4958
    4960 |     238 |     237 |     4937
    4970 |     238 |     239 |     4979
    4980 |     239 |     240 |     5000
    4990 |     239 |     240 |     5000
    5000 |     240 |     240 |     5000
    5010 |     240 |     240 |     5000
    5020 |     240 |     240 |     5000
    5030 |     241 |     243 |     5062
    5040 |     241 |     243 |     5062
    5050 |     242 |     243 |     5062
    5060 |     242 |     243 |     5062
    5070 |     243 |     243 |     5062
    5080 |     243 |     246 |     5125
    5090 |     244 |     243 |     5062
    5100 |     244 |     243 |     5062
    5110 |     245 |     246 |     5125
    5120 |     245 |     246 |     5125
    5130 |     246 |     248 |     5166
    5140 |     246 |     246 |     5125
    5150 |     247 |     246 |     5125
    5160 |     247 |     246 |     5125
    5170 |     248 |     249 |     5187
    5180 |     248 |     249 |     5187
    5190 |     249 |     250 |     5208
    5200 |     249 |     249 |     5187
    5210 |     250 |     249 |     5187
    5220 |     250 |     249 |     5187
    5230 |     251 |     255 |     5312
    5240 |     251 |     253 |     5270
    5250 |     252 |     252 |     5250
    5260 |     252 |     252 |     5250
    5270 |     252 |     252 |     5250
    5280 |     253 |     252 |     5250
    5290 |     253 |     253 |     5270
    5300 |     254 |     255 |     5312
    5310 |     254 |     255 |     5312
    5320 |     255 |     255 |     5312
    5330 |     255 |     255 |     5312
    5340 |     256 |     255 |     5312
    5350 |     256 |     255 |     5312
    5360 |     257 |     258 |     5375
    5370 |     257 |     258 |     5375
    5380 |     258 |     258 |     5375
    5390 |     258 |     260 |     5416
    5400 |     259 |     258 |     5375
    5410 |     259 |     258 |     5375
    5420 |     260 |     261 |     5437
    5430 |     260 |     261 |     5437
    5440 |     261 |     261 |     5437
    5450 |     261 |     261 |     5437
    5460 |     262 |     263 |     5479
    5470 |     262 |     261 |     5437
    5480 |     263 |     261 |     5437
    5490 |     263 |     267 |     5562
    5500 |     264 |     264 |     5500
    5510 |     264 |     264 |     5500
    5520 |     264 |     265 |     5520
    5530 |     265 |     264 |     5500
    5540 |     265 |     264 |     5500
    5550 |     266 |     267 |     5562
    5560 |     266 |     267 |     5562
    5570 |     267 |     267 |     5562
    5580 |     267 |     267 |     5562
    5590 |     268 |     267 |     5562
    5600 |     268 |     269 |     5604
    5610 |     269 |     270 |     5625
    5620 |     269 |     270 |     5625
    5630 |     270 |     271 |     5645
    5640 |     270 |     271 |     5645
    5650 |     271 |     270 |     5625
    5660 |     271 |     270 |     5625
    5670 |     272 |     273 |     5687
    5680 |     272 |     273 |     5687
    5690 |     273 |     273 |     5687
    5700 |     273 |     273 |     5687
    5710 |     274 |     274 |     5708
    5720 |     274 |     273 |     5687
    5730 |     275 |     276 |     5750
    5740 |     275 |     277 |     5770
    5750 |     276 |     276 |     5750
    5760 |     276 |     276 |     5750
    5770 |     276 |     279 |     5812
    5780 |     277 |     276 |     5750
    5790 |     277 |     276 |     5750
    5800 |     278 |     279 |     5812
    5810 |     278 |     279 |     5812
    5820 |     279 |     281 |     5854
    5830 |     279 |     279 |     5812
    5840 |     280 |     282 |     5875
    5850 |     280 |     280 |     5833
    5860 |     281 |     282 |     5875
    5870 |     281 |     284 |     5916
    5880 |     282 |     282 |     5875
    5890 |     282 |     284 |     5916
    5900 |     283 |     282 |     5875
    5910 |     283 |     282 |     5875
    5920 |     284 |     282 |     5875
    5930 |     284 |     285 |     5937
    5940 |     285 |     285 |     5937
    5950 |     285 |     286 |     5958
    5960 |     286 |     286 |     5958
    5970 |     286 |     285 |     5937
    5980 |     287 |     285 |     5937
    5990 |     287 |     288 |     6000
    6000 |     288 |     288 |     6000
    6010 |     288 |     288 |     6000
    6020 |     288 |     288 |     6000
    6030 |     289 |     288 |     6000
    6040 |     289 |     288 |     6000
    6050 |     290 |     291 |     6062
    6060 |     290 |     291 |     6062
    6070 |     291 |     291 |     6062
    6080 |     291 |     291 |     6062
    6090 |     292 |     291 |     6062
    6100 |     292 |     291 |     6062
    6110 |     293 |     292 |     6083
    6120 |     293 |     294 |     6125
    6130 |     294 |     295 |     6145
    6140 |     294 |     294 |     6125
    6150 |     295 |     294 |     6125
    6160 |     295 |     294 |     6125
    6170 |     296 |     294 |     6125
    6180 |     296 |     298 |     6208
    6190 |     297 |     297 |     6187
    6200 |     297 |     297 |     6187
    6210 |     298 |     297 |     6187
    6220 |     298 |     297 |     6187
    6230 |     299 |     297 |     6187
    6240 |     299 |     300 |     6250
    6250 |     300 |     300 |     6250
    6260 |     300 |     301 |     6270
    6270 |     300 |     300 |     6250
    6280 |     301 |     300 |     6250
    6290 |     301 |     300 |     6250
    6300 |     302 |     306 |     6375
    6310 |     302 |     303 |     6312
    6320 |     303 |     303 |     6312
    6330 |     303 |     303 |     6312
    6340 |     304 |     303 |     6312
    6350 |     304 |     303 |     6312
    6360 |     305 |     305 |     6354
    6370 |     305 |     306 |     6375
    6380 |     306 |     308 |     6416
    6390 |     306 |     306 |     6375
    6400 |     307 |     306 |     6375
    6410 |     307 |     306 |     6375
    6420 |     308 |     307 |     6395
    6430 |     308 |     310 |     6458
    6440 |     309 |     309 |     6437
    6450 |     309 |     311 |     6479
    6460 |     310 |     309 |     6437
    6470 |     310 |     310 |     6458
    6480 |     311 |     309 |     6437
    6490 |     311 |     312 |     6500
    6500 |     312 |     312 |     6500
    6510 |     312 |     312 |     6500
    6520 |     312 |     312 |     6500
    6530 |     313 |     312 |     6500
    6540 |     313 |     313 |     6520
    6550 |     314 |     312 |     6500
    6560 |     314 |     317 |     6604
    6570 |     315 |     315 |     6562
    6580 |     315 |     318 |     6625
    6590 |     316 |     315 |     6562
    6600 |     316 |     315 |     6562
    6610 |     317 |     315 |     6562
    6620 |     317 |     320 |     6666
    6630 |     318 |     321 |     6687
    6640 |     318 |     318 |     6625
    6650 |     319 |     318 |     6625
    6660 |     319 |     318 |     6625
    6670 |     320 |     318 |     6625
    6680 |     320 |     321 |     6687
    6690 |     321 |     321 |     6687
    6700 |     321 |     321 |     6687
    6710 |     322 |     321 |     6687
    6720 |     322 |     324 |     6750
    6730 |     323 |     323 |     6729
    6740 |     323 |     322 |     6708
    6750 |     324 |     324 |     6750
    6760 |     324 |     324 |     6750
    6770 |     324 |     325 |     6770
    6780 |     325 |     324 |     6750
    6790 |     325 |     324 |     6750
    6800 |     326 |     324 |     6750
    6810 |     326 |     327 |     6812
    6820 |     327 |     327 |     6812
    6830 |     327 |     327 |     6812
    6840 |     328 |     327 |     6812
    6850 |     328 |     328 |     6833
    6860 |     329 |     327 |     6812
    6870 |     329 |     330 |     6875
    6880 |     330 |     330 |     6875
    6890 |     330 |     330 |     6875
    6900 |     331 |     330 |     6875
    6910 |     331 |     330 |     6875
    6920 |     332 |     331 |     6895
    6930 |     332 |     333 |     6937
    6940 |     333 |     333 |     6937
    6950 |     333 |     333 |     6937
    6960 |     334 |     333 |     6937
    6970 |     334 |     334 |     6958
    6980 |     335 |     333 |     6937
    6990 |     335 |     333 |     6937
    7000 |     336 |     336 |     7000
    7010 |     336 |     338 |     7041
    7020 |     336 |     336 |     7000
    7030 |     337 |     339 |     7062
    7040 |     337 |     336 |     7000
    7050 |     338 |     336 |     7000
    7060 |     338 |     339 |     7062
    7070 |     339 |     340 |     7083
    7080 |     339 |     340 |     7083
    7090 |     340 |     339 |     7062
    7100 |     340 |     339 |     7062
    7110 |     341 |     339 |     7062
    7120 |     341 |     345 |     7187
    7130 |     342 |     342 |     7125
    7140 |     342 |     343 |     7145
    7150 |     343 |     342 |     7125
    7160 |     343 |     344 |     7166
    7170 |     344 |     343 |     7145
    7180 |     344 |     342 |     7125
    7190 |     345 |     345 |     7187
    7200 |     345 |     345 |     7187
    7210 |     346 |     345 |     7187
    7220 |     346 |     345 |     7187
    7230 |     347 |     345 |     7187
    7240 |     347 |     345 |     7187
    7250 |     348 |     350 |     7291
    7260 |     348 |     348 |     7250
    7270 |     348 |     350 |     7291
    7280 |     349 |     348 |     7250
    7290 |     349 |     348 |     7250
    7300 |     350 |     351 |     7312
    7310 |     350 |     353 |     7354
    7320 |     351 |     351 |     7312
    7330 |     351 |     351 |     7312
    7340 |     352 |     353 |     7354
    7350 |     352 |     351 |     7312
    7360 |     353 |     352 |     7333
    7370 |     353 |     351 |     7312
    7380 |     354 |     354 |     7375
    7390 |     354 |     354 |     7375
    7400 |     355 |     354 |     7375
    7410 |     355 |     356 |     7416
    7420 |     356 |     354 |     7375
    7430 |     356 |     355 |     7395
    7440 |     357 |     357 |     7437
    7450 |     357 |     360 |     7500
    7460 |     358 |     357 |     7437
    7470 |     358 |     357 |     7437
    7480 |     359 |     357 |     7437
    7490 |     359 |     357 |     7437
    7500 |     360 |     360 |     7500
    7510 |     360 |     360 |     7500
    7520 |     360 |     362 |     7541
    7530 |     361 |     360 |     7500
    7540 |     361 |     360 |     7500
    7550 |     362 |     362 |     7541
    7560 |     362 |     365 |     7604
    7570 |     363 |     363 |     7562
    7580 |     363 |     364 |     7583
    7590 |     364 |     363 |     7562
    7600 |     364 |     363 |     7562
    7610 |     365 |     363 |     7562
    7620 |     365 |     363 |     7562
    7630 |     366 |     366 |     7625
    7640 |     366 |     366 |     7625
    7650 |     367 |     369 |     7687
    7660 |     367 |     366 |     7625
    7670 |     368 |     366 |     7625
    7680 |     368 |     366 |     7625
    7690 |     369 |     369 |     7687
    7700 |     369 |     370 |     7708
    7710 |     370 |     370 |     7708
    7720 |     370 |     369 |     7687
    7730 |     371 |     372 |     7750
    7740 |     371 |     369 |     7687
    7750 |     372 |     372 |     7750
    7760 |     372 |     372 |     7750
    7770 |     372 |     375 |     7812
    7780 |     373 |     374 |     7791
    7790 |     373 |     373 |     7770
    7800 |     374 |     372 |     7750
    7810 |     374 |     372 |     7750
    7820 |     375 |     375 |     7812
    7830 |     375 |     375 |     7812
    7840 |     376 |     376 |     7833
    7850 |     376 |     375 |     7812
    7860 |     377 |     375 |     7812
    7870 |     377 |     375 |     7812
    7880 |     378 |     378 |     7875
    7890 |     378 |     381 |     7937
    7900 |     379 |     382 |     7958
    7910 |     379 |     378 |     7875
    7920 |     380 |     378 |     7875
    7930 |     380 |     378 |     7875
    7940 |     381 |     384 |     8000
    7950 |     381 |     381 |     7937
    7960 |     382 |     381 |     7937
    7970 |     382 |     384 |     8000
    7980 |     383 |     382 |     7958
    7990 |     383 |     381 |     7937
    8000 |     384 |     384 |     8000
    8010 |     384 |     384 |     8000
    8020 |     384 |     384 |     8000
    8030 |     385 |     384 |     8000
    8040 |     385 |     385 |     8020
    8050 |     386 |     384 |     8000
    8060 |     386 |     385 |     8020
    8070 |     387 |     387 |     8062
    8080 |     387 |     388 |     8083
    8090 |     388 |     390 |     8125
    8100 |     388 |     390 |     8125
    8110 |     389 |     390 |     8125
    8120 |     389 |     387 |     8062
    8130 |     390 |     392 |     8166
    8140 |     390 |     390 |     8125
    8150 |     391 |     390 |     8125
    8160 |     391 |     390 |     8125
    8170 |     392 |     393 |     8187
    8180 |     392 |     390 |     8125
    8190 |     393 |     393 |     8187
    8200 |     393 |     393 |     8187
    8210 |     394 |     393 |     8187
    8220 |     394 |     393 |     8187
    8230 |     395 |     394 |     8208
    8240 |     395 |     393 |     8187
    8250 |     396 |     393 |     8187
    8260 |     396 |     396 |     8250
    8270 |     396 |     398 |     8291
    8280 |     397 |     396 |     8250
    8290 |     397 |     396 |     8250
    8300 |     398 |     396 |     8250
    8310 |     398 |     396 |     8250
    8320 |     399 |     399 |     8312
    8330 |     399 |     400 |     8333
    8340 |     400 |     402 |     8375
    8350 |     400 |     399 |     8312
    8360 |     401 |     400 |     8333
    8370 |     401 |     399 |     8312
    8380 |     402 |     404 |     8416
    8390 |     402 |     404 |     8416
    8400 |     403 |     403 |     8395
    8410 |     403 |     402 |     8375
    8420 |     404 |     405 |     8437
    8430 |     404 |     402 |     8375
    8440 |     405 |     404 |     8416
    8450 |     405 |     405 |     8437
    8460 |     406 |     406 |     8458
    8470 |     406 |     405 |     8437
    8480 |     407 |     406 |     8458
    8490 |     407 |     405 |     8437
    8500 |     408 |     405 |     8437
    8510 |     408 |     408 |     8500
    8520 |     408 |     409 |     8520
    8530 |     409 |     408 |     8500
    8540 |     409 |     409 |     8520
    8550 |     410 |     408 |     8500
    8560 |     410 |     408 |     8500
    8570 |     411 |     414 |     8625
    8580 |     411 |     411 |     8562
    8590 |     412 |     411 |     8562
    8600 |     412 |     411 |     8562
    8610 |     413 |     411 |     8562
    8620 |     413 |     411 |     8562
    8630 |     414 |     413 |     8604
    8640 |     414 |     415 |     8645
    8650 |     415 |     414 |     8625
    8660 |     415 |     414 |     8625
    8670 |     416 |     414 |     8625
    8680 |     416 |     417 |     8687
    8690 |     417 |     414 |     8625
    8700 |     417 |     417 |     8687
    8710 |     418 |     420 |     8750
    8720 |     418 |     417 |     8687
    8730 |     419 |     419 |     8729
    8740 |     419 |     417 |     8687
    8750 |     420 |     420 |     8750
    8760 |     420 |     423 |     8812
    8770 |     420 |     422 |     8791
    8780 |     421 |     421 |     8770
    8790 |     421 |     420 |     8750
    8800 |     422 |     421 |     8770
    8810 |     422 |     422 |     8791
    8820 |     423 |     423 |     8812
    8830 |     423 |     424 |     8833
    8840 |     424 |     423 |     8812
    8850 |     424 |     423 |     8812
    8860 |     425 |     427 |     8895
    8870 |     425 |     424 |     8833
    8880 |     426 |     425 |     8854
    8890 |     426 |     426 |     8875
    8900 |     427 |     426 |     8875
    8910 |     427 |     426 |     8875
    8920 |     428 |     426 |     8875
    8930 |     428 |     429 |     8937
    8940 |     429 |     429 |     8937
    8950 |     429 |     432 |     9000
    8960 |     430 |     429 |     8937
    8970 |     430 |     431 |     8979
    8980 |     431 |     429 |     8937
    8990 |     431 |     430 |     8958
    9000 |     432 |     429 |     8937
    9010 |     432 |     434 |     9041
    9020 |     432 |     432 |     9000
    9030 |     433 |     433 |     9020
    9040 |     433 |     432 |     9000
    9050 |     434 |     432 |     9000
    9060 |     434 |     435 |     9062
    9070 |     435 |     434 |     9041
    9080 |     435 |     435 |     9062
    9090 |     436 |     437 |     9104
    9100 |     436 |     435 |     9062
    9110 |     437 |     435 |     9062
    9120 |     437 |     435 |     9062
    9130 |     438 |     437 |     9104
    9140 |     438 |     438 |     9125
    9150 |     439 |     440 |     9166
    9160 |     439 |     438 |     9125
    9170 |     440 |     439 |     9145
    9180 |     440 |     438 |     9125
    9190 |     441 |     441 |     9187
    9200 |     441 |     441 |     9187
    9210 |     442 |     441 |     9187
    9220 |     442 |     441 |     9187
    9230 |     443 |     441 |     9187
    9240 |     443 |     441 |     9187
    9250 |     444 |     442 |     9208
    9260 |     444 |     441 |     9187
    9270 |     444 |     444 |     9250
    9280 |     445 |     444 |     9250
    9290 |     445 |     444 |     9250
    9300 |     446 |     444 |     9250
    9310 |     446 |     448 |     9333
    9320 |     447 |     444 |     9250
    9330 |     447 |     450 |     9375
    9340 |     448 |     447 |     9312
    9350 |     448 |     447 |     9312
    9360 |     449 |     447 |     9312
    9370 |     449 |     448 |     9333
    9380 |     450 |     448 |     9333
    9390 |     450 |     451 |     9395
    9400 |     451 |     450 |     9375
    9410 |     451 |     452 |     9416
    9420 |     452 |     450 |     9375
    9430 |     452 |     450 |     9375
    9440 |     453 |     451 |     9395
    9450 |     453 |     453 |     9437
    9460 |     454 |     453 |     9437
    9470 |     454 |     454 |     9458
    9480 |     455 |     453 |     9437
    9490 |     455 |     455 |     9479
    9500 |     456 |     453 |     9437
    9510 |     456 |     454 |     9458
    9520 |     456 |     456 |     9500
    9530 |     457 |     456 |     9500
    9540 |     457 |     456 |     9500
    9550 |     458 |     456 |     9500
    9560 |     458 |     459 |     9562
    9570 |     459 |     456 |     9500
    9580 |     459 |     462 |     9625
    9590 |     460 |     462 |     9625
    9600 |     460 |     459 |     9562
    9610 |     461 |     459 |     9562
    9620 |     461 |     459 |     9562
    9630 |     462 |     459 |     9562
    9640 |     462 |     462 |     9625
    9650 |     463 |     462 |     9625
    9660 |     463 |     464 |     9666
    9670 |     464 |     462 |     9625
    9680 |     464 |     462 |     9625
    9690 |     465 |     462 |     9625
    9700 |     465 |     466 |     9708
    9710 |     466 |     468 |     9750
    9720 |     466 |     466 |     9708
    9730 |     467 |     465 |     9687
    9740 |     467 |     465 |     9687
    9750 |     468 |     468 |     9750
    9760 |     468 |     468 |     9750
    9770 |     468 |     468 |     9750
    9780 |     469 |     470 |     9791
    9790 |     469 |     468 |     9750
    9800 |     470 |     470 |     9791
    9810 |     470 |     468 |     9750
    9820 |     471 |     468 |     9750
    9830 |     471 |     471 |     9812
    9840 |     472 |     471 |     9812
    9850 |     472 |     472 |     9833
    9860 |     473 |     474 |     9875
    9870 |     473 |     471 |     9812
    9880 |     474 |     473 |     9854
    9890 |     474 |     471 |     9812
    9900 |     475 |     474 |     9875
    9910 |     475 |     477 |     9937
    9920 |     476 |     476 |     9916
    9930 |     476 |     474 |     9875
    9940 |     477 |     474 |     9875
    9950 |     477 |     474 |     9875
    9960 |     478 |     479 |     9979
    9970 |     478 |     479 |     9979
    9980 |     479 |     477 |     9937
    9990 |     479 |     478 |     9958
   10000 |     480 |     479 |     9979
  100000 |    4800 |    4772 |    99416
 1000000 |   48000 |   47639 |   992479
10000000 |  480000 |  476339 |  9923729

modm::delay_us for system clock = 48000000
     expected       |       measured
      us |  cycles  |  cycles  |       us
       1 |       48 |       80 |        1      >
       2 |       96 |      130 |        2      >
       3 |      144 |      177 |        3      >
       4 |      192 |      224 |        4
       5 |      240 |      272 |        5
       6 |      288 |      323 |        6
       7 |      336 |      368 |        7
       8 |      384 |      416 |        8
       9 |      432 |      465 |        9
      10 |      480 |      513 |       10
      11 |      528 |      560 |       11
      12 |      576 |      608 |       12
      13 |      624 |      660 |       13
      14 |      672 |      708 |       14
      15 |      720 |      752 |       15
      16 |      768 |      800 |       16
      17 |      816 |      848 |       17
      18 |      864 |      902 |       18
      19 |      912 |      945 |       19
      20 |      960 |      995 |       20
      21 |     1008 |     1042 |       21
      22 |     1056 |     1094 |       22
      23 |     1104 |     1138 |       23
      24 |     1152 |     1184 |       24
      25 |     1200 |     1236 |       25
      26 |     1248 |     1286 |       26
      27 |     1296 |     1334 |       27
      28 |     1344 |     1376 |       28
      29 |     1392 |     1425 |       29
      30 |     1440 |     1476 |       30
      31 |     1488 |     1526 |       31
      32 |     1536 |     1574 |       32
      33 |     1584 |     1623 |       33
      34 |     1632 |     1668 |       34
      35 |     1680 |     1717 |       35
      36 |     1728 |     1767 |       36
      37 |     1776 |     1815 |       37
      38 |     1824 |     1862 |       38
      39 |     1872 |     1909 |       39
      40 |     1920 |     1956 |       40
      41 |     1968 |     2003 |       41
      42 |     2016 |     2054 |       42
      43 |     2064 |     2101 |       43
      44 |     2112 |     2150 |       44
      45 |     2160 |     2198 |       45
      46 |     2208 |     2246 |       46
      47 |     2256 |     2294 |       47
      48 |     2304 |     2343 |       48
      49 |     2352 |     2391 |       49
      50 |     2400 |     2436 |       50
      51 |     2448 |     2486 |       51
      52 |     2496 |     2537 |       52
      53 |     2544 |     2582 |       53
      54 |     2592 |     2630 |       54
      55 |     2640 |     2678 |       55
      56 |     2688 |     2727 |       56
      57 |     2736 |     2776 |       57
      58 |     2784 |     2823 |       58
      59 |     2832 |     2870 |       59
      60 |     2880 |     2919 |       60
      61 |     2928 |     2967 |       61
      62 |     2976 |     3015 |       62
      63 |     3024 |     3064 |       63
      64 |     3072 |     3111 |       64
      65 |     3120 |     3157 |       65
      66 |     3168 |     3206 |       66
      67 |     3216 |     3255 |       67
      68 |     3264 |     3301 |       68
      69 |     3312 |     3349 |       69
      70 |     3360 |     3399 |       70
      71 |     3408 |     3446 |       71
      72 |     3456 |     3494 |       72
      73 |     3504 |     3545 |       73
      74 |     3552 |     3591 |       74
      75 |     3600 |     3639 |       75
      76 |     3648 |     3683 |       76
      77 |     3696 |     3735 |       77
      78 |     3744 |     3784 |       78
      79 |     3792 |     3832 |       79
      80 |     3840 |     3881 |       80
      81 |     3888 |     3926 |       81
      82 |     3936 |     3975 |       82
      83 |     3984 |     4023 |       83
      84 |     4032 |     4072 |       84
      85 |     4080 |     4119 |       85
      86 |     4128 |     4167 |       86
      87 |     4176 |     4216 |       87
      88 |     4224 |     4262 |       88
      89 |     4272 |     4312 |       89
      90 |     4320 |     4360 |       90
      91 |     4368 |     4409 |       91
      92 |     4416 |     4456 |       92
      93 |     4464 |     4504 |       93
      94 |     4512 |     4550 |       94
      95 |     4560 |     4602 |       95
      96 |     4608 |     4647 |       96
      97 |     4656 |     4694 |       97
      98 |     4704 |     4740 |       98
      99 |     4752 |     4791 |       99
     100 |     4800 |     4839 |      100
     101 |     4848 |     4887 |      101
     102 |     4896 |     4937 |      102
     103 |     4944 |     4983 |      103
     104 |     4992 |     5031 |      104
     105 |     5040 |     5080 |      105
     106 |     5088 |     5127 |      106
     107 |     5136 |     5176 |      107
     108 |     5184 |     5224 |      108
     109 |     5232 |     5273 |      109
     110 |     5280 |     5319 |      110
     111 |     5328 |     5366 |      111
     112 |     5376 |     5417 |      112
     113 |     5424 |     5463 |      113
     114 |     5472 |     5514 |      114
     115 |     5520 |     5560 |      115
     116 |     5568 |     5607 |      116
     117 |     5616 |     5655 |      117
     118 |     5664 |     5705 |      118
     119 |     5712 |     5753 |      119
     120 |     5760 |     5801 |      120
     121 |     5808 |     5847 |      121
     122 |     5856 |     5896 |      122
     123 |     5904 |     5943 |      123
     124 |     5952 |     5992 |      124
     125 |     6000 |     6038 |      125
     126 |     6048 |     6088 |      126
     127 |     6096 |     6135 |      127
     128 |     6144 |     6181 |      128
     129 |     6192 |     6233 |      129
     130 |     6240 |     6281 |      130
     131 |     6288 |     6328 |      131
     132 |     6336 |     6377 |      132
     133 |     6384 |     6425 |      133
     134 |     6432 |     6470 |      134
     135 |     6480 |     6519 |      135
     136 |     6528 |     6568 |      136
     137 |     6576 |     6616 |      137
     138 |     6624 |     6664 |      138
     139 |     6672 |     6708 |      139
     140 |     6720 |     6760 |      140
     141 |     6768 |     6807 |      141
     142 |     6816 |     6854 |      142
     143 |     6864 |     6905 |      143
     144 |     6912 |     6950 |      144
     145 |     6960 |     7000 |      145
     146 |     7008 |     7047 |      146
     147 |     7056 |     7096 |      147
     148 |     7104 |     7145 |      148
     149 |     7152 |     7190 |      149
     150 |     7200 |     7239 |      150
     151 |     7248 |     7289 |      151
     152 |     7296 |     7336 |      152
     153 |     7344 |     7383 |      153
     154 |     7392 |     7432 |      154
     155 |     7440 |     7480 |      155
     156 |     7488 |     7528 |      156
     157 |     7536 |     7577 |      157
     158 |     7584 |     7625 |      158
     159 |     7632 |     7673 |      159
     160 |     7680 |     7720 |      160
     161 |     7728 |     7767 |      161
     162 |     7776 |     7817 |      162
     163 |     7824 |     7862 |      163
     164 |     7872 |     7908 |      164
     165 |     7920 |     7958 |      165
     166 |     7968 |     8008 |      166
     167 |     8016 |     8057 |      167
     168 |     8064 |     8104 |      168
     169 |     8112 |     8153 |      169
     170 |     8160 |     8201 |      170
     171 |     8208 |     8248 |      171
     172 |     8256 |     8298 |      172
     173 |     8304 |     8345 |      173
     174 |     8352 |     8394 |      174
     175 |     8400 |     8440 |      175
     176 |     8448 |     8489 |      176
     177 |     8496 |     8537 |      177
     178 |     8544 |     8586 |      178
     179 |     8592 |     8633 |      179
     180 |     8640 |     8678 |      180
     181 |     8688 |     8728 |      181
     182 |     8736 |     8777 |      182
     183 |     8784 |     8826 |      183
     184 |     8832 |     8872 |      184
     185 |     8880 |     8920 |      185
     186 |     8928 |     8967 |      186
     187 |     8976 |     9016 |      187
     188 |     9024 |     9065 |      188
     189 |     9072 |     9114 |      189
     190 |     9120 |     9159 |      190
     191 |     9168 |     9210 |      191
     192 |     9216 |     9259 |      192
     193 |     9264 |     9303 |      193
     194 |     9312 |     9352 |      194
     195 |     9360 |     9400 |      195
     196 |     9408 |     9446 |      196
     197 |     9456 |     9497 |      197
     198 |     9504 |     9544 |      198
     199 |     9552 |     9592 |      199
     200 |     9600 |     9639 |      200
     201 |     9648 |     9688 |      201
     202 |     9696 |     9736 |      202
     203 |     9744 |     9784 |      203
     204 |     9792 |     9832 |      204
     205 |     9840 |     9881 |      205
     206 |     9888 |     9929 |      206
     207 |     9936 |     9977 |      207
     208 |     9984 |    10026 |      208
     209 |    10032 |    10073 |      209
     210 |    10080 |    10120 |      210
     211 |    10128 |    10169 |      211
     212 |    10176 |    10217 |      212
     213 |    10224 |    10265 |      213
     214 |    10272 |    10313 |      214
     215 |    10320 |    10360 |      215
     216 |    10368 |    10404 |      216
     217 |    10416 |    10457 |      217
     218 |    10464 |    10504 |      218
     219 |    10512 |    10552 |      219
     220 |    10560 |    10598 |      220
     221 |    10608 |    10649 |      221
     222 |    10656 |    10697 |      222
     223 |    10704 |    10747 |      223
     224 |    10752 |    10793 |      224
     225 |    10800 |    10841 |      225
     226 |    10848 |    10885 |      226
     227 |    10896 |    10936 |      227
     228 |    10944 |    10982 |      228
     229 |    10992 |    11035 |      229
     230 |    11040 |    11079 |      230
     231 |    11088 |    11127 |      231
     232 |    11136 |    11176 |      232
     233 |    11184 |    11224 |      233
     234 |    11232 |    11274 |      234
     235 |    11280 |    11317 |      235
     236 |    11328 |    11367 |      236
     237 |    11376 |    11417 |      237
     238 |    11424 |    11464 |      238
     239 |    11472 |    11514 |      239
     240 |    11520 |    11561 |      240
     241 |    11568 |    11608 |      241
     242 |    11616 |    11658 |      242
     243 |    11664 |    11707 |      243
     244 |    11712 |    11754 |      244
     245 |    11760 |    11801 |      245
     246 |    11808 |    11848 |      246
     247 |    11856 |    11897 |      247
     248 |    11904 |    11945 |      248
     249 |    11952 |    11993 |      249
     250 |    12000 |    12042 |      250
     251 |    12048 |    12085 |      251
     252 |    12096 |    12136 |      252
     253 |    12144 |    12183 |      253
     254 |    12192 |    12232 |      254
     255 |    12240 |    12280 |      255
     256 |    12288 |    12329 |      256
     257 |    12336 |    12379 |      257
     258 |    12384 |    12427 |      258
     259 |    12432 |    12473 |      259
     260 |    12480 |    12520 |      260
     261 |    12528 |    12568 |      261
     262 |    12576 |    12615 |      262
     263 |    12624 |    12665 |      263
     264 |    12672 |    12712 |      264
     265 |    12720 |    12763 |      265
     266 |    12768 |    12809 |      266
     267 |    12816 |    12858 |      267
     268 |    12864 |    12906 |      268
     269 |    12912 |    12952 |      269
     270 |    12960 |    13000 |      270
     271 |    13008 |    13047 |      271
     272 |    13056 |    13093 |      272
     273 |    13104 |    13145 |      273
     274 |    13152 |    13193 |      274
     275 |    13200 |    13243 |      275
     276 |    13248 |    13288 |      276
     277 |    13296 |    13337 |      277
     278 |    13344 |    13382 |      278
     279 |    13392 |    13431 |      279
     280 |    13440 |    13483 |      280
     281 |    13488 |    13528 |      281
     282 |    13536 |    13577 |      282
     283 |    13584 |    13623 |      283
     284 |    13632 |    13673 |      284
     285 |    13680 |    13722 |      285
     286 |    13728 |    13770 |      286
     287 |    13776 |    13819 |      287
     288 |    13824 |    13864 |      288
     289 |    13872 |    13914 |      289
     290 |    13920 |    13960 |      290
     291 |    13968 |    14010 |      291
     292 |    14016 |    14056 |      292
     293 |    14064 |    14104 |      293
     294 |    14112 |    14154 |      294
     295 |    14160 |    14205 |      295
     296 |    14208 |    14247 |      296
     297 |    14256 |    14297 |      297
     298 |    14304 |    14343 |      298
     299 |    14352 |    14392 |      299
     300 |    14400 |    14441 |      300
     301 |    14448 |    14493 |      301
     302 |    14496 |    14535 |      302
     303 |    14544 |    14586 |      303
     304 |    14592 |    14634 |      304
     305 |    14640 |    14684 |      305
     306 |    14688 |    14728 |      306
     307 |    14736 |    14777 |      307
     308 |    14784 |    14824 |      308
     309 |    14832 |    14871 |      309
     310 |    14880 |    14919 |      310
     311 |    14928 |    14969 |      311
     312 |    14976 |    15018 |      312
     313 |    15024 |    15062 |      313
     314 |    15072 |    15113 |      314
     315 |    15120 |    15162 |      315
     316 |    15168 |    15209 |      316
     317 |    15216 |    15258 |      317
     318 |    15264 |    15305 |      318
     319 |    15312 |    15355 |      319
     320 |    15360 |    15401 |      320
     321 |    15408 |    15447 |      321
     322 |    15456 |    15498 |      322
     323 |    15504 |    15544 |      323
     324 |    15552 |    15589 |      324
     325 |    15600 |    15639 |      325
     326 |    15648 |    15688 |      326
     327 |    15696 |    15738 |      327
     328 |    15744 |    15785 |      328
     329 |    15792 |    15834 |      329
     330 |    15840 |    15882 |      330
     331 |    15888 |    15930 |      331
     332 |    15936 |    15976 |      332
     333 |    15984 |    16023 |      333
     334 |    16032 |    16075 |      334
     335 |    16080 |    16123 |      335
     336 |    16128 |    16166 |      336
     337 |    16176 |    16219 |      337
     338 |    16224 |    16264 |      338
     339 |    16272 |    16314 |      339
     340 |    16320 |    16362 |      340
     341 |    16368 |    16407 |      341
     342 |    16416 |    16456 |      342
     343 |    16464 |    16504 |      343
     344 |    16512 |    16555 |      344
     345 |    16560 |    16601 |      345
     346 |    16608 |    16649 |      346
     347 |    16656 |    16697 |      347
     348 |    16704 |    16747 |      348
     349 |    16752 |    16794 |      349
     350 |    16800 |    16841 |      350
     351 |    16848 |    16888 |      351
     352 |    16896 |    16939 |      352
     353 |    16944 |    16986 |      353
     354 |    16992 |    17035 |      354
     355 |    17040 |    17081 |      355
     356 |    17088 |    17130 |      356
     357 |    17136 |    17177 |      357
     358 |    17184 |    17225 |      358
     359 |    17232 |    17275 |      359
     360 |    17280 |    17320 |      360
     361 |    17328 |    17368 |      361
     362 |    17376 |    17413 |      362
     363 |    17424 |    17464 |      363
     364 |    17472 |    17514 |      364
     365 |    17520 |    17563 |      365
     366 |    17568 |    17610 |      366
     367 |    17616 |    17656 |      367
     368 |    17664 |    17705 |      368
     369 |    17712 |    17757 |      369
     370 |    17760 |    17800 |      370
     371 |    17808 |    17849 |      371
     372 |    17856 |    17897 |      372
     373 |    17904 |    17945 |      373
     374 |    17952 |    17992 |      374
     375 |    18000 |    18040 |      375
     376 |    18048 |    18090 |      376
     377 |    18096 |    18138 |      377
     378 |    18144 |    18188 |      378
     379 |    18192 |    18234 |      379
     380 |    18240 |    18280 |      380
     381 |    18288 |    18332 |      381
     382 |    18336 |    18380 |      382
     383 |    18384 |    18423 |      383
     384 |    18432 |    18474 |      384
     385 |    18480 |    18521 |      385
     386 |    18528 |    18571 |      386
     387 |    18576 |    18615 |      387
     388 |    18624 |    18664 |      388
     389 |    18672 |    18712 |      389
     390 |    18720 |    18762 |      390
     391 |    18768 |    18810 |      391
     392 |    18816 |    18856 |      392
     393 |    18864 |    18906 |      393
     394 |    18912 |    18953 |      394
     395 |    18960 |    19001 |      395
     396 |    19008 |    19047 |      396
     397 |    19056 |    19098 |      397
     398 |    19104 |    19145 |      398
     399 |    19152 |    19192 |      399
     400 |    19200 |    19238 |      400
     401 |    19248 |    19289 |      401
     402 |    19296 |    19338 |      402
     403 |    19344 |    19385 |      403
     404 |    19392 |    19434 |      404
     405 |    19440 |    19484 |      405
     406 |    19488 |    19527 |      406
     407 |    19536 |    19579 |      407
     408 |    19584 |    19625 |      408
     409 |    19632 |    19675 |      409
     410 |    19680 |    19720 |      410
     411 |    19728 |    19768 |      411
     412 |    19776 |    19818 |      412
     413 |    19824 |    19867 |      413
     414 |    19872 |    19915 |      414
     415 |    19920 |    19962 |      415
     416 |    19968 |    20013 |      416
     417 |    20016 |    20058 |      417
     418 |    20064 |    20105 |      418
     419 |    20112 |    20153 |      419
     420 |    20160 |    20202 |      420
     421 |    20208 |    20252 |      421
     422 |    20256 |    20296 |      422
     423 |    20304 |    20350 |      423
     424 |    20352 |    20394 |      424
     425 |    20400 |    20444 |      425
     426 |    20448 |    20492 |      426
     427 |    20496 |    20539 |      427
     428 |    20544 |    20584 |      428
     429 |    20592 |    20633 |      429
     430 |    20640 |    20683 |      430
     431 |    20688 |    20730 |      431
     432 |    20736 |    20778 |      432
     433 |    20784 |    20827 |      433
     434 |    20832 |    20873 |      434
     435 |    20880 |    20921 |      435
     436 |    20928 |    20970 |      436
     437 |    20976 |    21018 |      437
     438 |    21024 |    21066 |      438
     439 |    21072 |    21115 |      439
     440 |    21120 |    21160 |      440
     441 |    21168 |    21211 |      441
     442 |    21216 |    21255 |      442
     443 |    21264 |    21305 |      443
     444 |    21312 |    21354 |      444
     445 |    21360 |    21401 |      445
     446 |    21408 |    21450 |      446
     447 |    21456 |    21496 |      447
     448 |    21504 |    21547 |      448
     449 |    21552 |    21594 |      449
     450 |    21600 |    21644 |      450
     451 |    21648 |    21686 |      451
     452 |    21696 |    21737 |      452
     453 |    21744 |    21783 |      453
     454 |    21792 |    21834 |      454
     455 |    21840 |    21879 |      455
     456 |    21888 |    21932 |      456
     457 |    21936 |    21977 |      457
     458 |    21984 |    22024 |      458
     459 |    22032 |    22072 |      459
     460 |    22080 |    22122 |      460
     461 |    22128 |    22171 |      461
     462 |    22176 |    22220 |      462
     463 |    22224 |    22263 |      463
     464 |    22272 |    22316 |      464
     465 |    22320 |    22361 |      465
     466 |    22368 |    22411 |      466
     467 |    22416 |    22458 |      467
     468 |    22464 |    22507 |      468
     469 |    22512 |    22555 |      469
     470 |    22560 |    22605 |      470
     471 |    22608 |    22650 |      471
     472 |    22656 |    22694 |      472
     473 |    22704 |    22745 |      473
     474 |    22752 |    22797 |      474
     475 |    22800 |    22844 |      475
     476 |    22848 |    22889 |      476
     477 |    22896 |    22940 |      477
     478 |    22944 |    22987 |      478
     479 |    22992 |    23029 |      479
     480 |    23040 |    23083 |      480
     481 |    23088 |    23134 |      481
     482 |    23136 |    23178 |      482
     483 |    23184 |    23224 |      483
     484 |    23232 |    23276 |      484
     485 |    23280 |    23321 |      485
     486 |    23328 |    23372 |      486
     487 |    23376 |    23420 |      487
     488 |    23424 |    23465 |      488
     489 |    23472 |    23515 |      489
     490 |    23520 |    23564 |      490
     491 |    23568 |    23610 |      491
     492 |    23616 |    23662 |      492
     493 |    23664 |    23708 |      493
     494 |    23712 |    23752 |      494
     495 |    23760 |    23805 |      495
     496 |    23808 |    23849 |      496
     497 |    23856 |    23899 |      497
     498 |    23904 |    23942 |      498
     499 |    23952 |    23996 |      499
     500 |    24000 |    24041 |      500
     501 |    24048 |    24090 |      501
     502 |    24096 |    24139 |      502
     503 |    24144 |    24188 |      503
     504 |    24192 |    24235 |      504
     505 |    24240 |    24282 |      505
     506 |    24288 |    24328 |      506
     507 |    24336 |    24378 |      507
     508 |    24384 |    24425 |      508
     509 |    24432 |    24474 |      509
     510 |    24480 |    24519 |      510
     511 |    24528 |    24569 |      511
     512 |    24576 |    24618 |      512
     513 |    24624 |    24668 |      513
     514 |    24672 |    24715 |      514
     515 |    24720 |    24765 |      515
     516 |    24768 |    24811 |      516
     517 |    24816 |    24857 |      517
     518 |    24864 |    24906 |      518
     519 |    24912 |    24955 |      519
     520 |    24960 |    25003 |      520
     521 |    25008 |    25053 |      521
     522 |    25056 |    25101 |      522
     523 |    25104 |    25146 |      523
     524 |    25152 |    25192 |      524
     525 |    25200 |    25245 |      525
     526 |    25248 |    25290 |      526
     527 |    25296 |    25341 |      527
     528 |    25344 |    25386 |      528
     529 |    25392 |    25434 |      529
     530 |    25440 |    25484 |      530
     531 |    25488 |    25532 |      531
     532 |    25536 |    25577 |      532
     533 |    25584 |    25625 |      533
     534 |    25632 |    25674 |      534
     535 |    25680 |    25726 |      535
     536 |    25728 |    25768 |      536
     537 |    25776 |    25816 |      537
     538 |    25824 |    25866 |      538
     539 |    25872 |    25915 |      539
     540 |    25920 |    25966 |      540
     541 |    25968 |    26010 |      541
     542 |    26016 |    26057 |      542
     543 |    26064 |    26105 |      543
     544 |    26112 |    26153 |      544
     545 |    26160 |    26199 |      545
     546 |    26208 |    26249 |      546
     547 |    26256 |    26301 |      547
     548 |    26304 |    26350 |      548
     549 |    26352 |    26397 |      549
     550 |    26400 |    26444 |      550
     551 |    26448 |    26488 |      551
     552 |    26496 |    26538 |      552
     553 |    26544 |    26588 |      553
     554 |    26592 |    26634 |      554
     555 |    26640 |    26685 |      555
     556 |    26688 |    26730 |      556
     557 |    26736 |    26778 |      557
     558 |    26784 |    26827 |      558
     559 |    26832 |    26876 |      559
     560 |    26880 |    26921 |      560
     561 |    26928 |    26971 |      561
     562 |    26976 |    27015 |      562
     563 |    27024 |    27067 |      563
     564 |    27072 |    27114 |      564
     565 |    27120 |    27164 |      565
     566 |    27168 |    27213 |      566
     567 |    27216 |    27262 |      567
     568 |    27264 |    27309 |      568
     569 |    27312 |    27356 |      569
     570 |    27360 |    27402 |      570
     571 |    27408 |    27452 |      571
     572 |    27456 |    27499 |      572
     573 |    27504 |    27546 |      573
     574 |    27552 |    27596 |      574
     575 |    27600 |    27645 |      575
     576 |    27648 |    27692 |      576
     577 |    27696 |    27738 |      577
     578 |    27744 |    27790 |      578
     579 |    27792 |    27836 |      579
     580 |    27840 |    27885 |      580
     581 |    27888 |    27929 |      581
     582 |    27936 |    27981 |      582
     583 |    27984 |    28028 |      583
     584 |    28032 |    28077 |      584
     585 |    28080 |    28123 |      585
     586 |    28128 |    28170 |      586
     587 |    28176 |    28217 |      587
     588 |    28224 |    28268 |      588
     589 |    28272 |    28317 |      589
     590 |    28320 |    28362 |      590
     591 |    28368 |    28412 |      591
     592 |    28416 |    28459 |      592
     593 |    28464 |    28507 |      593
     594 |    28512 |    28555 |      594
     595 |    28560 |    28601 |      595
     596 |    28608 |    28651 |      596
     597 |    28656 |    28697 |      597
     598 |    28704 |    28744 |      598
     599 |    28752 |    28795 |      599
     600 |    28800 |    28844 |      600
     601 |    28848 |    28891 |      601
     602 |    28896 |    28940 |      602
     603 |    28944 |    28988 |      603
     604 |    28992 |    29034 |      604
     605 |    29040 |    29080 |      605
     606 |    29088 |    29131 |      606
     607 |    29136 |    29180 |      607
     608 |    29184 |    29230 |      608
     609 |    29232 |    29274 |      609
     610 |    29280 |    29321 |      610
     611 |    29328 |    29370 |      611
     612 |    29376 |    29420 |      612
     613 |    29424 |    29464 |      613
     614 |    29472 |    29516 |      614
     615 |    29520 |    29565 |      615
     616 |    29568 |    29612 |      616
     617 |    29616 |    29660 |      617
     618 |    29664 |    29705 |      618
     619 |    29712 |    29754 |      619
     620 |    29760 |    29804 |      620
     621 |    29808 |    29850 |      621
     622 |    29856 |    29900 |      622
     623 |    29904 |    29947 |      623
     624 |    29952 |    29998 |      624
     625 |    30000 |    30045 |      625
     626 |    30048 |    30090 |      626
     627 |    30096 |    30138 |      627
     628 |    30144 |    30192 |      629
     629 |    30192 |    30237 |      629
     630 |    30240 |    30282 |      630
     631 |    30288 |    30325 |      631
     632 |    30336 |    30378 |      632
     633 |    30384 |    30427 |      633
     634 |    30432 |    30474 |      634
     635 |    30480 |    30526 |      635
     636 |    30528 |    30570 |      636
     637 |    30576 |    30617 |      637
     638 |    30624 |    30667 |      638
     639 |    30672 |    30715 |      639
     640 |    30720 |    30766 |      640
     641 |    30768 |    30810 |      641
     642 |    30816 |    30857 |      642
     643 |    30864 |    30906 |      643
     644 |    30912 |    30954 |      644
     645 |    30960 |    31001 |      645
     646 |    31008 |    31049 |      646
     647 |    31056 |    31096 |      647
     648 |    31104 |    31145 |      648
     649 |    31152 |    31196 |      649
     650 |    31200 |    31243 |      650
     651 |    31248 |    31292 |      651
     652 |    31296 |    31339 |      652
     653 |    31344 |    31385 |      653
     654 |    31392 |    31434 |      654
     655 |    31440 |    31485 |      655
     656 |    31488 |    31531 |      656
     657 |    31536 |    31578 |      657
     658 |    31584 |    31625 |      658
     659 |    31632 |    31677 |      659
     660 |    31680 |    31723 |      660
     661 |    31728 |    31771 |      661
     662 |    31776 |    31818 |      662
     663 |    31824 |    31867 |      663
     664 |    31872 |    31912 |      664
     665 |    31920 |    31964 |      665
     666 |    31968 |    32009 |      666
     667 |    32016 |    32058 |      667
     668 |    32064 |    32104 |      668
     669 |    32112 |    32154 |      669
     670 |    32160 |    32207 |      670
     671 |    32208 |    32249 |      671
     672 |    32256 |    32299 |      672
     673 |    32304 |    32348 |      673
     674 |    32352 |    32398 |      674
     675 |    32400 |    32442 |      675
     676 |    32448 |    32494 |      676
     677 |    32496 |    32539 |      677
     678 |    32544 |    32588 |      678
     679 |    32592 |    32636 |      679
     680 |    32640 |    32684 |      680
     681 |    32688 |    32737 |      682
     682 |    32736 |    32779 |      682
     683 |    32784 |    32827 |      683
     684 |    32832 |    32877 |      684
     685 |    32880 |    32926 |      685
     686 |    32928 |    32972 |      686
     687 |    32976 |    33020 |      687
     688 |    33024 |    33069 |      688
     689 |    33072 |    33117 |      689
     690 |    33120 |    33165 |      690
     691 |    33168 |    33206 |      691
     692 |    33216 |    33256 |      692
     693 |    33264 |    33307 |      693
     694 |    33312 |    33356 |      694
     695 |    33360 |    33404 |      695
     696 |    33408 |    33451 |      696
     697 |    33456 |    33498 |      697
     698 |    33504 |    33551 |      698
     699 |    33552 |    33595 |      699
     700 |    33600 |    33645 |      700
     701 |    33648 |    33690 |      701
     702 |    33696 |    33739 |      702
     703 |    33744 |    33788 |      703
     704 |    33792 |    33833 |      704
     705 |    33840 |    33884 |      705
     706 |    33888 |    33933 |      706
     707 |    33936 |    33981 |      707
     708 |    33984 |    34029 |      708
     709 |    34032 |    34078 |      709
     710 |    34080 |    34124 |      710
     711 |    34128 |    34175 |      711
     712 |    34176 |    34222 |      712
     713 |    34224 |    34269 |      713
     714 |    34272 |    34315 |      714
     715 |    34320 |    34362 |      715
     716 |    34368 |    34412 |      716
     717 |    34416 |    34455 |      717
     718 |    34464 |    34507 |      718
     719 |    34512 |    34558 |      719
     720 |    34560 |    34602 |      720
     721 |    34608 |    34651 |      721
     722 |    34656 |    34702 |      722
     723 |    34704 |    34748 |      723
     724 |    34752 |    34797 |      724
     725 |    34800 |    34847 |      725
     726 |    34848 |    34892 |      726
     727 |    34896 |    34938 |      727
     728 |    34944 |    34990 |      728
     729 |    34992 |    35035 |      729
     730 |    35040 |    35087 |      730
     731 |    35088 |    35129 |      731
     732 |    35136 |    35180 |      732
     733 |    35184 |    35228 |      733
     734 |    35232 |    35273 |      734
     735 |    35280 |    35327 |      735
     736 |    35328 |    35371 |      736
     737 |    35376 |    35424 |      738
     738 |    35424 |    35466 |      738
     739 |    35472 |    35518 |      739
     740 |    35520 |    35564 |      740
     741 |    35568 |    35614 |      741
     742 |    35616 |    35663 |      742
     743 |    35664 |    35708 |      743
     744 |    35712 |    35756 |      744
     745 |    35760 |    35806 |      745
     746 |    35808 |    35856 |      747
     747 |    35856 |    35900 |      747
     748 |    35904 |    35949 |      748
     749 |    35952 |    35997 |      749
     750 |    36000 |    36047 |      750
     751 |    36048 |    36093 |      751
     752 |    36096 |    36139 |      752
     753 |    36144 |    36187 |      753
     754 |    36192 |    36236 |      754
     755 |    36240 |    36284 |      755
     756 |    36288 |    36332 |      756
     757 |    36336 |    36380 |      757
     758 |    36384 |    36428 |      758
     759 |    36432 |    36475 |      759
     760 |    36480 |    36521 |      760
     761 |    36528 |    36576 |      762
     762 |    36576 |    36620 |      762
     763 |    36624 |    36671 |      763
     764 |    36672 |    36718 |      764
     765 |    36720 |    36769 |      766
     766 |    36768 |    36811 |      766
     767 |    36816 |    36859 |      767
     768 |    36864 |    36910 |      768
     769 |    36912 |    36956 |      769
     770 |    36960 |    37006 |      770
     771 |    37008 |    37053 |      771
     772 |    37056 |    37101 |      772
     773 |    37104 |    37149 |      773
     774 |    37152 |    37194 |      774
     775 |    37200 |    37245 |      775
     776 |    37248 |    37295 |      776
     777 |    37296 |    37337 |      777
     778 |    37344 |    37392 |      779
     779 |    37392 |    37436 |      779
     780 |    37440 |    37484 |      780
     781 |    37488 |    37535 |      781
     782 |    37536 |    37578 |      782
     783 |    37584 |    37627 |      783
     784 |    37632 |    37675 |      784
     785 |    37680 |    37724 |      785
     786 |    37728 |    37773 |      786
     787 |    37776 |    37820 |      787
     788 |    37824 |    37871 |      788
     789 |    37872 |    37917 |      789
     790 |    37920 |    37966 |      790
     791 |    37968 |    38010 |      791
     792 |    38016 |    38062 |      792
     793 |    38064 |    38112 |      794
     794 |    38112 |    38151 |      794
     795 |    38160 |    38205 |      795
     796 |    38208 |    38253 |      796
     797 |    38256 |    38299 |      797
     798 |    38304 |    38345 |      798
     799 |    38352 |    38398 |      799
     800 |    38400 |    38448 |      801
     801 |    38448 |    38496 |      802
     802 |    38496 |    38539 |      802
     803 |    38544 |    38591 |      803
     804 |    38592 |    38635 |      804
     805 |    38640 |    38683 |      805
     806 |    38688 |    38731 |      806
     807 |    38736 |    38779 |      807
     808 |    38784 |    38827 |      808
     809 |    38832 |    38878 |      809
     810 |    38880 |    38925 |      810
     811 |    38928 |    38971 |      811
     812 |    38976 |    39022 |      812
     813 |    39024 |    39067 |      813
     814 |    39072 |    39121 |      815
     815 |    39120 |    39165 |      815
     816 |    39168 |    39212 |      816
     817 |    39216 |    39261 |      817
     818 |    39264 |    39310 |      818
     819 |    39312 |    39356 |      819
     820 |    39360 |    39406 |      820
     821 |    39408 |    39454 |      821
     822 |    39456 |    39499 |      822
     823 |    39504 |    39545 |      823
     824 |    39552 |    39602 |      825
     825 |    39600 |    39642 |      825
     826 |    39648 |    39696 |      827
     827 |    39696 |    39740 |      827
     828 |    39744 |    39791 |      828
     829 |    39792 |    39841 |      830
     830 |    39840 |    39885 |      830
     831 |    39888 |    39932 |      831
     832 |    39936 |    39982 |      832
     833 |    39984 |    40031 |      833
     834 |    40032 |    40081 |      835
     835 |    40080 |    40122 |      835
     836 |    40128 |    40172 |      836
     837 |    40176 |    40223 |      837
     838 |    40224 |    40267 |      838
     839 |    40272 |    40317 |      839
     840 |    40320 |    40367 |      840
     841 |    40368 |    40417 |      842
     842 |    40416 |    40459 |      842
     843 |    40464 |    40507 |      843
     844 |    40512 |    40555 |      844
     845 |    40560 |    40610 |      846
     846 |    40608 |    40658 |      847
     847 |    40656 |    40700 |      847
     848 |    40704 |    40751 |      848
     849 |    40752 |    40798 |      849
     850 |    40800 |    40848 |      851
     851 |    40848 |    40893 |      851
     852 |    40896 |    40940 |      852
     853 |    40944 |    40989 |      853
     854 |    40992 |    41038 |      854
     855 |    41040 |    41083 |      855
     856 |    41088 |    41134 |      856
     857 |    41136 |    41179 |      857
     858 |    41184 |    41226 |      858
     859 |    41232 |    41278 |      859
     860 |    41280 |    41327 |      860
     861 |    41328 |    41373 |      861
     862 |    41376 |    41421 |      862
     863 |    41424 |    41470 |      863
     864 |    41472 |    41518 |      864
     865 |    41520 |    41566 |      865
     866 |    41568 |    41614 |      866
     867 |    41616 |    41661 |      867
     868 |    41664 |    41708 |      868
     869 |    41712 |    41754 |      869
     870 |    41760 |    41806 |      870
     871 |    41808 |    41856 |      872
     872 |    41856 |    41901 |      872
     873 |    41904 |    41950 |      873
     874 |    41952 |    41999 |      874
     875 |    42000 |    42046 |      875
     876 |    42048 |    42096 |      877
     877 |    42096 |    42141 |      877
     878 |    42144 |    42188 |      878
     879 |    42192 |    42238 |      879
     880 |    42240 |    42281 |      880
     881 |    42288 |    42334 |      881
     882 |    42336 |    42380 |      882
     883 |    42384 |    42431 |      883
     884 |    42432 |    42480 |      885
     885 |    42480 |    42527 |      885
     886 |    42528 |    42573 |      886
     887 |    42576 |    42623 |      887
     888 |    42624 |    42671 |      888
     889 |    42672 |    42712 |      889
     890 |    42720 |    42764 |      890
     891 |    42768 |    42814 |      891
     892 |    42816 |    42861 |      892
     893 |    42864 |    42909 |      893
     894 |    42912 |    42958 |      894
     895 |    42960 |    43008 |      896
     896 |    43008 |    43054 |      896
     897 |    43056 |    43101 |      897
     898 |    43104 |    43146 |      898
     899 |    43152 |    43198 |      899
     900 |    43200 |    43245 |      900
     901 |    43248 |    43295 |      901
     902 |    43296 |    43344 |      903
     903 |    43344 |    43388 |      903
     904 |    43392 |    43436 |      904
     905 |    43440 |    43487 |      905
     906 |    43488 |    43529 |      906
     907 |    43536 |    43581 |      907
     908 |    43584 |    43629 |      908
     909 |    43632 |    43676 |      909
     910 |    43680 |    43726 |      910
     911 |    43728 |    43771 |      911
     912 |    43776 |    43820 |      912
     913 |    43824 |    43870 |      913
     914 |    43872 |    43920 |      915
     915 |    43920 |    43966 |      915
     916 |    43968 |    44011 |      916
     917 |    44016 |    44059 |      917
     918 |    44064 |    44108 |      918
     919 |    44112 |    44158 |      919
     920 |    44160 |    44207 |      920
     921 |    44208 |    44252 |      921
     922 |    44256 |    44301 |      922
     923 |    44304 |    44350 |      923
     924 |    44352 |    44397 |      924
     925 |    44400 |    44444 |      925
     926 |    44448 |    44495 |      926
     927 |    44496 |    44537 |      927
     928 |    44544 |    44590 |      928
     929 |    44592 |    44640 |      930
     930 |    44640 |    44684 |      930
     931 |    44688 |    44732 |      931
     932 |    44736 |    44783 |      932
     933 |    44784 |    44829 |      933
     934 |    44832 |    44875 |      934
     935 |    44880 |    44926 |      935
     936 |    44928 |    44976 |      937
     937 |    44976 |    45021 |      937
     938 |    45024 |    45072 |      939
     939 |    45072 |    45120 |      940
     940 |    45120 |    45163 |      940
     941 |    45168 |    45214 |      941
     942 |    45216 |    45264 |      943
     943 |    45264 |    45312 |      944
     944 |    45312 |    45359 |      944
     945 |    45360 |    45404 |      945
     946 |    45408 |    45453 |      946
     947 |    45456 |    45503 |      947
     948 |    45504 |    45552 |      949
     949 |    45552 |    45597 |      949
     950 |    45600 |    45650 |      951
     951 |    45648 |    45692 |      951
     952 |    45696 |    45744 |      953
     953 |    45744 |    45790 |      953
     954 |    45792 |    45834 |      954
     955 |    45840 |    45888 |      956
     956 |    45888 |    45932 |      956
     957 |    45936 |    45985 |      958
     958 |    45984 |    46032 |      959
     959 |    46032 |    46077 |      959
     960 |    46080 |    46129 |      961
     961 |    46128 |    46174 |      961
     962 |    46176 |    46220 |      962
     963 |    46224 |    46264 |      963
     964 |    46272 |    46316 |      964
     965 |    46320 |    46366 |      965
     966 |    46368 |    46411 |      966
     967 |    46416 |    46461 |      967
     968 |    46464 |    46512 |      969
     969 |    46512 |    46558 |      969
     970 |    46560 |    46606 |      970
     971 |    46608 |    46653 |      971
     972 |    46656 |    46702 |      972
     973 |    46704 |    46750 |      973
     974 |    46752 |    46795 |      974
     975 |    46800 |    46847 |      975
     976 |    46848 |    46894 |      976
     977 |    46896 |    46943 |      977
     978 |    46944 |    46988 |      978
     979 |    46992 |    47039 |      979
     980 |    47040 |    47085 |      980
     981 |    47088 |    47134 |      981
     982 |    47136 |    47179 |      982
     983 |    47184 |    47232 |      984
     984 |    47232 |    47282 |      985
     985 |    47280 |    47324 |      985
     986 |    47328 |    47373 |      986
     987 |    47376 |    47421 |      987
     988 |    47424 |    47466 |      988
     989 |    47472 |    47517 |      989
     990 |    47520 |    47566 |      990
     991 |    47568 |    47608 |      991
     992 |    47616 |    47663 |      992
     993 |    47664 |    47712 |      994
     994 |    47712 |    47756 |      994
     995 |    47760 |    47805 |      995
     996 |    47808 |    47852 |      996
     997 |    47856 |    47902 |      997
     998 |    47904 |    47951 |      998
     999 |    47952 |    47999 |      999
    1000 |    48000 |    48046 |     1000
   10000 |   480000 |   480112 |    10002
  100000 |  4800000 |  4800728 |   100015
